T=[550  560 570 600   700   220  200  200 220  200 300  200 200 600   320 400  420  600 600  200  220 310 400 420 410 200 210 290 320 200];
T=T';
    save T30