T=[250  260 270 600   700   220  200  200 220  200 200  200 200 600   220 400  420  600 600  200  ];
T=T';
    save T20