T=[250  260 270 600   700   220  200  200 220  200] ;
T=T';
    save T10


    
    
    
    