POI=[1800 750 20; 1600 950 23; 1830 900 22;  800 2200 46 ;400 830 3;
    2200 2000 0 ;1772 1863 33;2090 1832 0;1885 1711 35;2200 1678 0;
    2526 614 25;2400 1200 50;2202 1188 50;463 1558 0;2640 500 50];
save POI15
