POI=[1800 750 20; 1600 950 23; 1830 900 22; 800 2200 46;400 830 32;
    2200 2000 25 ;1772 1863 20;2090 1832 26;1885 1711 25;2200 1678 23;
    2626,314,25;2400,1200,50;2202,1188,50;463,1558,0;2840,200,50;
    2200,603,15;2458,782,15;791,668,0;510,235,40;2806,496,28]
    save POI20
