

POI=[1800 750 20; 1600 950 23; 1830 900 22;  800 2200 46 ;400 830 3;
    2200 1900 0 ;1772 2063 33;2400 1732 0;1885 1811 35;2200 1678 0];
    save POI10

