
POI=[1800 750 20; 1600 950 23; 1830 900 22;800,2200,46 ;400 830 32];
    save POI5
