T=[250  260 270 600   700   220  200  200 220  200 220  200 200 600   220 410  430  600 600  220  ];
T=T';
    save T20