T=[230  250 240  600   700 ];
T=T';
    save T5