POI=[1800 450 20; 1600 650 23; 1830 600 22; 800 2200 46;400 830 32;
    3200 2000 25 ;1772 1863 20;3090 1832 26;1885 1711 25;3200 1678 23;
    2626,814,25;2400,1200,50;2202,1188,50;263,1558,0;2840,800,50;
    2200,403,15;2458,582,15;791,1668,0;1010,235,40;2806,696,28;
    2478,1430,50;2250,610,27;2900 900 0;3100 830 0; 3200 1120 0;
    2600,2600,0;2500,2750,0;2730,2500,0;1960,1910,0;200,200,20];
    save POI25