POI=[1800 450 20; 1600 650 23; 1830 600 22; 800 2400 46;400 830 32;
    3200 2000 25 ;2772 1863 20;3090 1832 26;2885 1711 25;3200 1678 23;
    3626,814,25;2400,1200,50;2202,1188,50;263,1558,0;3840,800,50;
   3400,403,15;3658,582,15;791,1668,0;1010,235,40;3806,696,28]
    save POI20