T=[250  260 270 500   700   220  200  200 220  200 220  200 200 600   220  ];
T=T';
    save T15