T=[250  260  230 400   720 ];
T=T';
    save T10