T=[250  260 270 500   700   220  200  200 220  200 220  200 200 600   220 210  230  530 600  220   220 210 200 220 210 ];
T=T';
    save T25