POI=[800 2450 20; 600 2650 23; 830 2600 22; 2650 400 46;600 630 32;
    3200 2000 25 ;1772 2863 20;3090 1832 26;1885 2711 25;3200 1678 23;
    426,1414,25;2400,2200,50;2202,2188,50;3263,558,0;540,1300,50]
    save POI15