POI=[1800 450 20; 1600 650 23; 1830 600 22; 450 2000 46;400 430 32;
    3200 2200 25 ;1772 2063 20;3090 2032 26;1885 1911 25;3200 1878 23]
    save POI10