POI=[1800 450 20; 1600 650 23; 1830 600 22; 450 2400 46;200 430 32;
    2200 1000 25 ;1772 1863 20;3790 1832 26;1885 1711 25;3700 1678 23;
    3626,514,25;2400,2200,50;2202,2188,50;263,1558,0;3740,600,50;
    2200,403,15;2508,442,15;1091,2068,0;1010,235,40;3506,696,28;
    2478,1030,50;2550,410,27;2900 900 0;3100 830 0; 3100 1120 0;
    2400,2000,20;3580,2350,23;2800,1843,25;2920,1600,20;3690,2070,21
    ];
    save POI30