POI=[2400 750 20; 2200 950 23; 2330 900 22; 800 2800 46;400 430 32;
    3400 1400 25 ;1772 1863 20;3390 1332 26;1885 1711 25;3300 1478 23]
    save POI10