POI=[1800 750 20; 1600 950 23; 1830 900 22; 800 2200 46;400 830 32;
    2200 2000 25 ;1772 1863 20;2090 1832 26;1885 1711 25;2200 1678 23;
    2626,814,25;2400,1200,50;2202,1188,50;263,1558,0;2840,800,50;
    2200,403,15;2458,552,15;791,1668,0;1010,235,40;2806,696,28;
    2478,1430,50;2550,410,27;2900 900 0;3400 830 0; 3200 1120 0;
    3600,2300,20;3880,2450,23;2800,1843,25;2920,1600,20;3690,2270,21; 
    
    ];
    save POI30