POI=[2000 450 20; 1800 650 23; 2030 600 22; 450 2200 46;400 830 32]
    save POI5