T=[550  560 570 600   700  220  200  200 220  200 300  200 200 600   320  400  420  600 600  200  220 420 400 420 410  230 220 210 550 600];
T=T';
    save T30