T=[250  260 270 500   700  ];
T=T';
    save T5