POI=[1800 450 20; 1600 650 23; 1830 600 22; 450 2400 46;400 830 32;
    3200 2000 25 ;1772 1863 20;3090 1832 26;1885 1711 25;3200 1678 23;
    3226,814,25;2400,1200,50;2202,1188,50;263,1558,0;3440,800,50;
    2200,403,15;2508,442,15;1091,2368,0;1010,235,40;3406,696,28;
    2478,1430,50;2550,2210,27;2900 900 0;3100 830 0; 2400 2120 0;
     3800,1800,0; 3700,1700,0;3920,1860,0;1800,760,0;800,1800,20];
    save POI30