POI=[1800 450 20; 1600 650 23; 1830 600 22; 450 2400 46;400 830 32;
    3200 2000 25 ;1772 1863 20;3090 1832 26;1885 1711 25;3200 1678 23;
    3226,814,25;2400,1200,50;2202,1188,50;263,1558,0;3440,800,50]
    save POI15