POI=[1800 450 20; 1600 650 23; 1830 600 22; 450 2400 46;400 830 32]
    save POI5